HMMER3/b [3.0 | March 2010]
NAME  0034782
ACC   54076
DESC  RNase A-like
LENG  124
ALPH  amino
RF    no
CS    no
MAP   no
COM 1 This model under the license at http://supfam.org/SUPERFAMILY/license.html
COM 2 SUPERFAMILY http://supfam.org Julian Gough <gough@supfam.org>
STATS LOCAL MSV      -10.5956  0.71155
STATS LOCAL VITERBI  -11.0721  0.71155
STATS LOCAL FORWARD   -4.1527  0.71155
HMM          A        C        D        E        F        G        H        I        K        L        M        N        P        Q        R        S        T        V        W        Y   
            m->m     m->i     m->d     i->m     i->i     d->m     d->d
          2.54091  4.18910  2.92766  2.70561  3.22625  2.66633  3.77575  2.83006  2.82275  2.33953  3.73926  3.18354  3.03052  3.22984  2.91696  2.68331  2.91750  2.69798  4.47296  3.49288
          0.04159        *  3.17739  0.00000        *  0.00000        *
      1   2.84809  4.57403  2.56113  2.90562  3.42132  2.72887  3.80394  2.91671  2.27001  2.19584  3.16001  3.41439  3.59738  2.71709  3.08792  3.03247  3.01653  2.87582  4.42639  3.45945      - - -
          2.54091  4.18910  2.92766  2.70561  3.22625  2.66633  3.77575  2.83006  2.82275  2.33953  3.73926  3.18354  3.03052  3.22984  2.91696  2.68331  2.91750  2.69798  4.47296  3.49288
          0.02218  4.89154  4.49645  1.46601  0.45540  0.86435  0.54551
      2   2.99157  3.44905  2.90077  2.16118  3.04564  3.08376  3.79077  3.37627  2.56321  2.63738  3.81295  2.74551  2.81967  2.75036  3.13090  2.60272  3.12951  3.18635  4.60037  3.62164      - - -
          2.54091  4.18910  2.92766  2.70561  3.22625  2.66633  3.77575  2.83006  2.82275  2.33953  3.73926  3.18354  3.03052  3.22984  2.91696  2.68331  2.91750  2.69798  4.47296  3.49288
          0.01871  5.11543  4.71964  1.46601  0.45540  1.31490  0.31192
      3   2.80928  4.49432  3.75681  3.41647  3.30210  3.69997  3.88712  2.75105  3.38736  2.32130  3.03316  3.74156  2.70669  2.70184  3.34231  2.22842  2.05305  2.80096  4.32727  3.12951      - - -
          2.54091  4.18910  2.92766  2.70561  3.22625  2.66633  3.77575  2.83006  2.82275  2.33953  3.73926  3.18354  3.03052  3.22984  2.91696  2.68331  2.91750  2.69798  4.47296  3.49288
          0.01733  5.17989  4.78479  1.46601  0.45540  1.73564  0.19339
      4   2.52093  4.69048  3.02623  3.05812  3.57382  3.14268  3.84761  3.28131  3.03593  2.46825  3.62234  2.82660  2.40378  3.47747  2.46894  2.31853  2.69075  3.00682  4.06803  3.58421      - - -
          2.54091  4.18910  2.92766  2.70561  3.22625  2.66633  3.77575  2.83006  2.82275  2.33953  3.73926  3.18354  3.03052  3.22984  2.91696  2.68331  2.91750  2.69798  4.47296  3.49288
          0.01733  5.20415  4.80836  1.46601  0.45540  2.48632  0.08595
      5   2.06622  4.46451  4.00218  3.52322  3.26329  3.75819  3.89059  2.70114  3.02138  2.30466  3.48648  3.81711  3.70344  3.65353  2.87027  2.47656  2.77670  2.74412  2.75244  2.49597      - - -
          2.54091  4.18910  2.92766  2.70561  3.22625  2.66633  3.77575  2.83006  2.82275  2.33953  3.73926  3.18354  3.03052  3.22984  2.91696  2.68331  2.91750  2.69798  4.47296  3.49288
          0.01733  5.20415  4.80836  1.46601  0.45540  2.35254  0.09912
      6   2.21525  5.10844  3.41786  2.04820  3.93911  4.11932  3.90653  3.07822  2.35596  2.61797  3.43172  3.76513  3.90306  2.10504  2.48280  3.07891  3.03455  2.93612  4.97259  3.98416      - - -
          2.54091  4.18910  2.92766  2.70561  3.22625  2.66633  3.77575  2.83006  2.82275  2.33953  3.73926  3.18354  3.03052  3.22984  2.91696  2.68331  2.91750  2.69798  4.47296  3.49288
          0.01733  5.20692  4.81113  1.46601  0.45540  2.47384  0.08734
      7   2.96731  5.15419  2.52439  2.43428  4.32935  2.85780  3.26953  4.33073  1.83402  3.69096  4.80415  2.58400  3.47331  3.17803  3.05604  2.66302  2.36358  3.98485  2.71431  4.09437      - - -
          2.54091  4.18910  2.92766  2.70561  3.22625  2.66633  3.77575  2.83006  2.82275  2.33953  3.73926  3.18354  3.03052  3.22984  2.91696  2.68331  2.91750  2.69798  4.47296  3.49288
          0.01733  5.20692  4.81113  1.46601  0.45540  1.57552  0.23082
      8   2.78571  4.53521  4.14081  3.65630  1.14018  3.88712  4.01327  2.91810  3.59323  2.27278  3.52738  3.95435  3.65907  3.79008  3.05326  3.43380  3.24942  2.52509  4.34737  3.35201      - - -
          2.54091  4.18910  2.92766  2.70561  3.22625  2.66633  3.77575  2.83006  2.82275  2.33953  3.73926  3.18354  3.03052  3.22984  2.91696  2.68331  2.91750  2.69798  4.47296  3.49288
          0.01664  5.23187  4.83609  1.46601  0.45540  1.72802  0.19477
      9   2.70530  4.53244  3.85870  2.41141  3.22586  3.70690  3.93772  2.66787  2.72471  1.87422  3.23417  3.83097  3.81642  2.55905  2.57984  3.14199  3.07614  2.81967  4.36193  3.17664      - - -
          2.54091  4.18910  2.92766  2.70561  3.22625  2.66633  3.77575  2.83006  2.82275  2.33953  3.73926  3.18354  3.03052  3.22984  2.91696  2.68331  2.91750  2.69798  4.47296  3.49288
          0.01664  5.24574  4.84995  1.46601  0.45540  2.25827  0.10952
     10   2.99435  4.52482  3.77622  3.16278  3.00128  3.71314  3.37003  2.09741  2.74759  2.50637  3.71383  3.60986  3.79077  3.29933  2.10850  2.81482  2.31783  2.83631  4.22538  3.40469      - - -
          2.54091  4.18910  2.92766  2.70561  3.22625  2.66633  3.77575  2.83006  2.82275  2.33953  3.73926  3.18354  3.03052  3.22984  2.91696  2.68331  2.91750  2.69798  4.47296  3.49288
          0.01664  5.24574  4.84995  1.46601  0.45540  2.25827  0.10952
     11   3.12189  5.49591  3.37835  2.35942  4.51372  3.96475  3.33537  3.91900  2.00869  2.31506  4.51303  3.66462  3.98208  1.38486  2.54172  3.31735  3.21130  3.57243  5.46195  4.43055      - - -
          2.54091  4.18910  2.92766  2.70561  3.22625  2.66633  3.77575  2.83006  2.82275  2.33953  3.73926  3.18354  3.03052  3.22984  2.91696  2.68331  2.91750  2.69798  4.47296  3.49288
          0.01664  5.24574  4.84995  1.46601  0.45540  2.25827  0.10952
     12   3.01514  4.59829  3.63967  3.35478  3.42132  3.68957  1.26564  2.95969  3.33191  2.64916  3.08168  3.70898  3.79632  3.38043  3.33329  2.67966  3.16001  2.72125  4.44233  3.47400      - - -
          2.54091  4.18910  2.92766  2.70561  3.22625  2.66633  3.77575  2.83006  2.82275  2.33953  3.73926  3.18354  3.03052  3.22984  2.91696  2.68331  2.91750  2.69798  4.47296  3.49288
          0.01664  5.24574  4.85064  1.46601  0.45540  2.25827  0.10952
     13   2.98464  4.47976  3.80602  3.55441  3.27715  3.79354  3.48094  1.85897  3.15793  2.20485  2.74897  3.52807  3.81295  3.67779  3.39914  3.33052  2.97840  2.02879  4.30647  2.49875      - - -
          2.54091  4.18910  2.92766  2.70561  3.22625  2.66633  3.77575  2.83006  2.82275  2.33953  3.73926  3.18354  3.03052  3.22984  2.91696  2.68331  2.91750  2.69798  4.47296  3.49288
          0.08318  5.24574  2.64158  1.46601  0.45540  2.25827  0.10952
     14   2.97979  4.60730  1.76955  3.22863  3.44697  3.51767  3.88019  2.87027  2.94513  2.51815  3.52946  3.09277  3.34369  3.34924  3.18080  2.95692  2.34625  2.76907  4.45273  3.01791      - - -
          2.54091  4.18910  2.92766  2.70561  3.22625  2.66633  3.77575  2.83006  2.82275  2.33953  3.73926  3.18354  3.03052  3.22984  2.91696  2.68331  2.91750  2.69798  4.47296  3.49288
          0.19547  5.17989  1.78277  1.46601  0.45540  2.23471  0.11229
     15   2.46825  4.50887  2.66787  3.00752  3.22794  3.37350  3.60709  2.87651  3.22239  2.48766  3.74572  2.85433  3.04703  3.47886  3.07475  2.36497  2.98187  2.71986  4.35638  2.57153      - - -
          2.54091  4.18910  2.92766  2.70561  3.22625  2.66633  3.77575  2.83006  2.82275  2.33953  3.73926  3.18354  3.03052  3.22984  2.91696  2.68331  2.91750  2.69798  4.47296  3.49288
          0.02010  5.01423  4.61844  1.46601  0.45540  2.89597  0.05614
     16   2.93959  5.03497  2.50221  2.67273  4.19834  2.36705  3.63689  4.10338  2.49805  3.56619  4.68424  2.77808  1.81253  3.28893  3.07544  2.45785  3.09901  3.86840  5.00863  2.96870      - - -
          2.54091  4.18910  2.92766  2.70561  3.22625  2.66633  3.77575  2.83006  2.82275  2.33953  3.73926  3.18354  3.03052  3.22984  2.91696  2.68331  2.91750  2.69798  4.47296  3.49288
          0.18646  1.85417  4.62329  0.88931  0.63215  3.08035  0.04644
     17   3.00058  4.95872  2.64847  2.55905  4.06595  2.31437  3.62719  4.00010  2.79403  2.70738  4.53591  2.25476  2.56252  3.04079  3.14060  2.37121  2.63668  3.71245  4.35222  3.88920      - - -
          2.54091  4.18910  2.92766  2.70561  3.22625  2.66633  3.77575  2.83006  2.82275  2.33953  3.73926  3.18354  3.03052  3.22984  2.91696  2.68331  2.91750  2.69798  4.47296  3.49288
          0.02010  5.01908  4.62329  1.46601  0.45540  2.75179  0.06516
     18   2.80304  4.39312  3.65422  3.41925  3.13575  3.64175  3.45390  2.73511  2.83146  2.35942  3.05742  3.63620  3.39083  3.20229  2.63391  2.23396  2.79957  2.60133  3.62303  2.80096      - - -
          2.54091  4.18910  2.92766  2.70561  3.22625  2.66633  3.77575  2.83006  2.82275  2.33953  3.73926  3.18354  3.03052  3.22984  2.91696  2.68331  2.91750  2.69798  4.47296  3.49288
          0.18368  3.70695  1.96854  1.33362  0.47689  2.35531  0.09912
     19   2.55558  4.41045  3.61055  3.27784  2.96385  3.15030  3.76097  2.83146  3.14268  2.30744  3.62580  3.51767  2.10989  3.48509  3.23002  2.35734  2.94167  2.54935  4.25795  3.24665      - - -
          2.54091  4.18910  2.92766  2.70561  3.22625  2.66633  3.77575  2.83006  2.82275  2.33953  3.73926  3.18354  3.03052  3.22984  2.91696  2.68331  2.91750  2.69798  4.47296  3.49288
          0.02218  4.91164  4.51585  1.46601  0.45540  0.35143  1.21439
     20   2.76630  5.29906  2.20069  2.62213  4.03823  2.13068  3.78939  4.91922  2.66718  3.03247  5.18123  2.08286  3.05812  2.63876  3.23002  2.24644  3.22031  4.41946  5.32609  4.26003      - - -
          2.54091  4.18910  2.92766  2.70561  3.22625  2.66633  3.77575  2.83006  2.82275  2.33953  3.73926  3.18354  3.03052  3.22984  2.91696  2.68331  2.91750  2.69798  4.47296  3.49288
          0.01664  5.25683  4.86104  1.46601  0.45540  2.18619  0.11853
     21   2.98880  4.49501  3.83375  3.52807  3.04079  2.76076  3.77968  2.69144  3.36310  2.29149  3.31042  2.64153  3.12674  3.27230  2.75937  2.58470  2.41765  2.57430  4.07635  3.22516      - - -
          2.54091  4.18910  2.92766  2.70561  3.22625  2.66633  3.77575  2.83006  2.82275  2.33953  3.73926  3.18354  3.03052  3.22984  2.91696  2.68331  2.91750  2.69798  4.47296  3.49288
          0.01664  5.25683  4.86104  1.46601  0.45540  2.18619  0.11853
     22   2.67273  4.62047  2.49251  3.34508  2.98118  3.32498  3.42548  3.05812  3.33953  2.59093  3.37696  2.59579  3.21130  3.43865  3.07752  2.07038  2.62143  2.90424  4.12556  3.50727      - - -
          2.54091  4.18910  2.92766  2.70561  3.22625  2.66633  3.77575  2.83006  2.82275  2.33953  3.73926  3.18354  3.03052  3.22984  2.91696  2.68331  2.91750  2.69798  4.47296  3.49288
          0.01664  5.25683  4.86104  1.46601  0.45540  2.18619  0.11853
     23   2.77739  5.05854  2.21109  2.69560  4.13457  2.96177  3.13852  3.73532  2.47864  3.25844  4.57888  2.58955  2.58470  3.06019  2.86473  2.32823  3.00058  3.53292  5.00031  3.00405      - - -
          2.54091  4.18910  2.92766  2.70561  3.22625  2.66633  3.77575  2.83006  2.82275  2.33953  3.73926  3.18354  3.03052  3.22984  2.91696  2.68331  2.91750  2.69798  4.47296  3.49288
          0.01664  5.25683  4.86173  1.46601  0.45540  2.18619  0.11853
     24   2.86265  4.58235  2.93820  3.02970  3.40954  2.89661  3.50797  2.64708  3.30349  2.36913  3.79354  3.05812  3.07475  3.06435  2.26100  3.02900  2.70530  2.65817  4.42154  3.02831      - - -
          2.54091  4.18910  2.92766  2.70561  3.22625  2.66633  3.77575  2.83006  2.82275  2.33953  3.73926  3.18354  3.03052  3.22984  2.91696  2.68331  2.91750  2.69798  4.47296  3.49288
          0.01664  5.25683  4.86173  1.46601  0.45540  2.18619  0.11853
     25   2.82106  4.07566  2.75244  2.69213  3.88851  3.07891  3.73185  3.68195  2.80581  3.17595  4.31479  2.69283  3.50520  2.71778  2.87928  2.94791  3.09970  3.46499  4.81039  1.58864      - - -
          2.54091  4.18910  2.92766  2.70561  3.22625  2.66633  3.77575  2.83006  2.82275  2.33953  3.73926  3.18354  3.03052  3.22984  2.91696  2.68331  2.91750  2.69798  4.47296  3.49288
          0.01664  5.25683  4.86173  1.46601  0.45540  2.18619  0.11853
     26   5.74753  0.02698  6.96608  7.56080  6.93004  6.36027  9.40804  6.86280  7.32097  6.71308  7.38058  6.67496  6.46355  7.33137  7.09708  5.78288  5.87576  5.42036  8.23107  7.36880      - - -
          2.54091  4.18910  2.92766  2.70561  3.22625  2.66633  3.77575  2.83006  2.82275  2.33953  3.73926  3.18354  3.03052  3.22984  2.91696  2.68331  2.91750  2.69798  4.47296  3.49288
          0.01664  5.25683  4.86173  1.46601  0.45540  2.18619  0.11853
     27   3.10317  5.36214  2.09533  2.58192  4.43193  2.86750  3.82751  5.13478  2.98811  4.24756  5.32263  1.12285  3.48509  3.39845  3.27438  2.70877  2.85364  4.56848  5.42521  3.91970      - - -
          2.54091  4.18910  2.92766  2.70561  3.22625  2.66633  3.77575  2.83006  2.82275  2.33953  3.73926  3.18354  3.03052  3.22984  2.91696  2.68331  2.91750  2.69798  4.47296  3.49288
          0.01664  5.25683  4.86173  1.46601  0.45540  2.18619  0.11853
     28   2.62213  4.63780  2.69144  3.02762  3.48232  3.00890  3.56065  2.98118  3.03386  2.32685  3.86702  2.99157  3.56966  2.81343  3.16625  2.47934  2.50568  2.53271  4.48461  3.24111      - - -
          2.54091  4.18910  2.92766  2.70561  3.22625  2.66633  3.77575  2.83006  2.82275  2.33953  3.73926  3.18354  3.03052  3.22984  2.91696  2.68331  2.91750  2.69798  4.47296  3.49288
          0.01664  5.25683  4.86173  1.46601  0.45540  2.18619  0.11853
     29   2.19653  4.20597  4.04516  2.54103  3.30280  3.81365  3.93703  2.59024  3.41370  2.02463  1.86036  3.86910  3.82959  3.47331  3.40677  3.34508  3.07336  2.67827  4.33697  3.38667      - - -
          2.54091  4.18910  2.92766  2.70561  3.22625  2.66633  3.77575  2.83006  2.82275  2.33953  3.73926  3.18354  3.03052  3.22984  2.91696  2.68331  2.91750  2.69798  4.47296  3.49288
          0.01733  5.25683  4.86173  1.46601  0.45540  2.18619  0.11853
     30   3.27923  4.67939  4.82911  4.28776  3.41994  4.50125  4.70573  2.15494  4.20042  1.86937  0.97382  4.61284  4.48115  4.41391  3.99733  4.04654  2.99643  2.62490  5.00933  4.04724      - - -
          2.54091  4.18910  2.92766  2.70561  3.22625  2.66633  3.77575  2.83006  2.82275  2.33953  3.73926  3.18354  3.03052  3.22984  2.91696  2.68331  2.91750  2.69798  4.47296  3.49288
          0.08387  2.77190  4.27741  0.96971  0.62314  2.03785  0.13863
     31   2.47518  4.42985  3.95505  3.27576  3.33537  3.79562  3.93841  2.82799  2.31922  2.34972  3.04772  3.49341  3.62788  2.94444  2.13068  2.86681  3.15862  2.48419  4.36331  3.09000      - - -
          2.54091  4.18910  2.92766  2.70561  3.22625  2.66633  3.77575  2.83006  2.82275  2.33953  3.73926  3.18354  3.03052  3.22984  2.91696  2.68331  2.91750  2.69798  4.47296  3.49288
          0.01733  5.25336  4.85827  1.46601  0.45540  2.21045  0.11506
     32   2.58192  4.38549  3.29933  3.03524  3.52807  3.00544  3.29379  3.22239  2.76491  2.65332  3.92455  2.88760  3.34161  3.00128  2.09949  2.84671  2.86126  2.48350  3.58768  3.55441      - - -
          2.54091  4.18910  2.92766  2.70561  3.22625  2.66633  3.77575  2.83006  2.82275  2.33953  3.73926  3.18354  3.03052  3.22984  2.91696  2.68331  2.91750  2.69798  4.47296  3.49288
          0.01733  5.25336  4.85827  1.46601  0.45540  2.09123  0.13100
     33   2.79957  4.52204  3.83236  3.19536  3.53777  3.56966  4.01535  2.38368  2.18614  2.71570  3.87118  3.65145  3.87395  3.28477  1.58102  3.11634  3.21962  2.44052  4.56086  3.59669      - - -
          2.54091  4.18910  2.92766  2.70561  3.22625  2.66633  3.77575  2.83006  2.82275  2.33953  3.73926  3.18354  3.03052  3.22984  2.91696  2.68331  2.91750  2.69798  4.47296  3.49288
          0.01733  5.25613  4.86035  1.46601  0.45540  2.19589  0.11714
     34   3.01445  4.57957  3.47678  3.22724  3.40954  2.49667  3.79354  2.97217  2.63183  2.34556  3.48648  1.97265  3.74849  3.08030  2.99712  3.07683  3.16902  2.54935  4.09576  3.18358      - - -
          2.54091  4.18910  2.92766  2.70561  3.22625  2.66633  3.77575  2.83006  2.82275  2.33953  3.73926  3.18354  3.03052  3.22984  2.91696  2.68331  2.91750  2.69798  4.47296  3.49288
          0.01733  5.25613  4.86035  1.46601  0.45540  2.19589  0.11714
     35   2.98949  4.48531  4.05140  3.55787  2.84809  3.69858  3.79354  2.10435  2.57430  2.17435  2.41072  2.96385  3.81711  3.68195  2.90008  3.25081  3.15377  2.31575  4.31133  3.25497      - - -
          2.54091  4.18910  2.92766  2.70561  3.22625  2.66633  3.77575  2.83006  2.82275  2.33953  3.73926  3.18354  3.03052  3.22984  2.91696  2.68331  2.91750  2.69798  4.47296  3.49288
          0.38678  1.31559  3.03321  0.58918  0.88376  2.19589  0.11714
     36   2.69768  4.52689  3.46153  3.14822  3.09485  3.61956  3.26190  2.95553  3.28339  2.57499  3.73047  3.23348  2.81551  3.22724  3.22863  3.23417  2.04265  2.57638  4.36262  2.19515      - - -
          2.54091  4.18910  2.92766  2.70561  3.22625  2.66633  3.77575  2.83006  2.82275  2.33953  3.73926  3.18354  3.03052  3.22984  2.91696  2.68331  2.91750  2.69798  4.47296  3.49288
          0.01802  5.21455  4.81876  1.46601  0.45540  2.43849  0.09080
     37   3.12327  5.35728  2.36358  2.71778  4.71127  2.50568  3.57659  4.62740  2.12098  4.11863  4.89426  2.23674  3.33260  2.57499  2.53964  2.28248  2.41349  4.39173  5.39887  4.32034      - - -
          2.54091  4.18910  2.92766  2.70561  3.22625  2.66633  3.77575  2.83006  2.82275  2.33953  3.73926  3.18354  3.03052  3.22984  2.91696  2.68331  2.91750  2.69798  4.47296  3.49288
          0.06724  5.21455  2.88696  1.46601  0.45540  2.43849  0.09080
     38   3.06643  4.98229  2.78710  2.68867  4.05347  1.81253  3.05881  3.94812  2.90008  3.10872  4.29122  2.55628  3.07822  2.74759  2.57153  2.68243  3.08723  3.68403  3.76651  3.48509      - - -
          2.54091  4.18910  2.92766  2.70561  3.22625  2.66633  3.77575  2.83006  2.82275  2.33953  3.73926  3.18354  3.03052  3.22984  2.91696  2.68331  2.91750  2.69798  4.47296  3.49288
          0.04228  5.16533  3.44910  1.46601  0.45540  0.82346  0.57670
     39   3.06227  4.82980  2.75174  3.11495  3.77968  3.15654  3.19674  3.54678  2.83562  3.05742  4.19973  2.86126  2.88067  2.99643  2.05375  2.39061  2.58885  3.09832  3.43588  3.07960      - - -
          2.54091  4.18910  2.92766  2.70561  3.22625  2.66633  3.77575  2.83006  2.82275  2.33953  3.73926  3.18354  3.03052  3.22984  2.91696  2.68331  2.91750  2.69798  4.47296  3.49288
          0.01733  5.23465  4.83886  1.46601  0.45540  2.33105  0.10120
     40   3.36657  0.46990  4.98922  4.68493  2.87027  4.26974  4.41045  3.93009  4.69602  3.40746  4.74177  4.75425  4.93862  4.79237  4.64681  3.61818  4.14982  3.62927  4.01951  2.98533      - - -
          2.54091  4.18910  2.92766  2.70561  3.22625  2.66633  3.77575  2.83006  2.82275  2.33953  3.73926  3.18354  3.03052  3.22984  2.91696  2.68331  2.91750  2.69798  4.47296  3.49288
          0.01733  5.23465  4.83886  1.46601  0.45540  1.49928  0.25161
     41   2.93820  4.86099  3.69235  3.04079  3.71383  3.85385  4.07150  2.73234  1.11107  2.85849  4.01605  3.75334  3.14892  3.40192  2.94444  3.33191  3.20784  2.86126  4.73137  3.20991      - - -
          2.54091  4.18910  2.92766  2.70561  3.22625  2.66633  3.77575  2.83006  2.82275  2.33953  3.73926  3.18354  3.03052  3.22984  2.91696  2.68331  2.91750  2.69798  4.47296  3.49288
          0.01733  5.25613  4.86035  1.46601  0.45540  1.66563  0.20864
     42   3.03039  5.28242  2.10227  2.43706  4.05070  2.69144  3.79424  4.83257  2.26169  3.67294  5.13271  2.35180  2.15841  3.00474  2.99435  2.53202  2.91117  4.36470  4.21290  4.24062      - - -
          2.54091  4.18910  2.92766  2.70561  3.22625  2.66633  3.77575  2.83006  2.82275  2.33953  3.73926  3.18354  3.03052  3.22984  2.91696  2.68331  2.91750  2.69798  4.47296  3.49288
          0.01733  5.26723  4.87213  1.46601  0.45540  2.11549  0.12754
     43   2.82245  4.49848  4.04308  2.61797  3.19952  3.65353  3.92663  2.34556  3.05257  2.12999  3.40469  3.60640  3.82404  2.81343  2.83284  2.89523  2.86750  2.12375  4.32519  3.10386      - - -
          2.54091  4.18910  2.92766  2.70561  3.22625  2.66633  3.77575  2.83006  2.82275  2.33953  3.73926  3.18354  3.03052  3.22984  2.91696  2.68331  2.91750  2.69798  4.47296  3.49288
          0.01733  5.26723  4.87213  1.46601  0.45540  1.73079  0.19408
     44   3.29379  5.23737  2.94444  3.05950  4.16646  3.07129  2.17643  4.58027  2.89176  3.85038  4.93239  1.13047  3.66046  3.45252  2.98880  2.96593  3.40261  4.21706  5.07933  2.94721      - - -
          2.54091  4.18910  2.92766  2.70561  3.22625  2.66633  3.77575  2.83006  2.82275  2.33953  3.73926  3.18354  3.03052  3.22984  2.91696  2.68331  2.91750  2.69798  4.47296  3.49288
          0.01733  5.27485  4.87976  1.46601  0.45540  2.05726  0.13586
     45   2.93959  4.51442  4.05694  3.59530  2.99850  3.82335  3.96198  2.65262  3.54124  2.56459  3.72770  3.27507  3.86078  3.73255  3.45737  3.30072  1.26702  2.60133  4.36539  2.51607      - - -
          2.54091  4.18910  2.92766  2.70561  3.22625  2.66633  3.77575  2.83006  2.82275  2.33953  3.73926  3.18354  3.03052  3.22984  2.91696  2.68331  2.91750  2.69798  4.47296  3.49288
          0.01733  5.27485  4.87976  1.46601  0.45540  2.05726  0.13586
     46   4.50471  5.57493  6.90508  6.28957  0.43802  6.10034  6.12460  2.52439  6.27293  2.50776  4.19072  6.51900  5.59711  6.19738  5.96864  5.45918  5.16043  2.66233  4.12348  3.02900      - - -
          2.54091  4.18910  2.92766  2.70561  3.22625  2.66633  3.77575  2.83006  2.82275  2.33953  3.73926  3.18354  3.03052  3.22984  2.91696  2.68331  2.91750  2.69798  4.47296  3.49288
          0.01733  5.27485  4.87976  1.46601  0.45540  2.05726  0.13586
     47   2.88206  4.44441  5.86605  5.23945  3.78939  4.89842  5.75030  1.15612  5.20964  1.31277  3.80949  5.53542  5.04190  5.45225  5.25054  4.79098  3.75750  1.52418  5.93329  4.90050      - - -
          2.54091  4.18910  2.92766  2.70561  3.22625  2.66633  3.77575  2.83006  2.82275  2.33953  3.73926  3.18354  3.03052  3.22984  2.91696  2.68331  2.91750  2.69798  4.47296  3.49288
          0.01733  5.27554  4.87976  1.46601  0.45540  2.05726  0.13586
     48   2.94583  4.56918  3.55510  3.45737  3.25774  3.17318  1.35991  2.86265  3.42410  2.41210  3.77760  3.52807  3.78107  3.20368  3.23625  3.26051  3.18150  2.90493  4.39936  2.82730      - - -
          2.54091  4.18910  2.92766  2.70561  3.22625  2.66633  3.77575  2.83006  2.82275  2.33953  3.73926  3.18354  3.03052  3.22984  2.91696  2.68331  2.91750  2.69798  4.47296  3.49288
          0.02495  4.38069  4.87976  1.35510  0.48520  2.05726  0.13586
     49   2.21663  5.12647  2.86265  1.75431  4.14497  2.68312  3.96683  3.86078  2.93196  3.34924  3.44489  3.11010  3.43588  3.32151  3.13713  2.41072  2.25060  3.33815  5.05715  4.04516      - - -
          2.54091  4.18910  2.92766  2.70561  3.22625  2.66633  3.77575  2.83006  2.82275  2.33953  3.73926  3.18354  3.03052  3.22984  2.91696  2.68331  2.91750  2.69798  4.47296  3.49288
          0.01733  5.27554  4.87976  1.46601  0.45540  2.05726  0.13586
     50   3.12604  5.23113  2.50083  2.62836  4.38341  2.99643  3.88227  4.28429  2.93820  3.06643  4.79584  2.58539  2.27555  3.05188  2.69213  1.76540  2.55142  3.54470  5.20618  4.16784      - - -
          2.54091  4.18910  2.92766  2.70561  3.22625  2.66633  3.77575  2.83006  2.82275  2.33953  3.73926  3.18354  3.03052  3.22984  2.91696  2.68331  2.91750  2.69798  4.47296  3.49288
          0.01733  5.27554  4.87976  1.46601  0.45540  2.05726  0.13586
     51   2.71501  4.49501  4.05625  3.44143  2.18960  3.48232  3.92594  2.90632  2.98395  1.95047  3.58837  3.86425  2.65401  3.69165  3.28477  3.12119  2.97009  2.68590  3.21477  2.54241      - - -
          2.54091  4.18910  2.92766  2.70561  3.22625  2.66633  3.77575  2.83006  2.82275  2.33953  3.73926  3.18354  3.03052  3.22984  2.91696  2.68331  2.91750  2.69798  4.47296  3.49288
          0.01733  5.27554  4.87976  1.46601  0.45540  2.05726  0.13586
     52   2.11682  5.28728  2.31229  2.09949  4.56155  2.49181  3.39568  4.49986  2.68243  3.97376  5.07101  2.54172  3.10317  2.94652  2.87097  2.46478  2.82314  3.77275  4.93724  4.24132      - - -
          2.54091  4.18910  2.92766  2.70561  3.22625  2.66633  3.77575  2.83006  2.82275  2.33953  3.73926  3.18354  3.03052  3.22984  2.91696  2.68331  2.91750  2.69798  4.47296  3.49288
          0.01733  5.27554  4.87976  1.46601  0.45540  2.05726  0.13586
     53   2.81274  5.31916  1.90125  2.34071  4.62047  2.77947  3.61402  4.80831  2.66025  4.03684  5.12924  2.24505  3.23210  3.35617  2.73650  2.26169  2.58054  3.23556  5.34134  3.90653      - - -
          2.54091  4.18910  2.92766  2.70561  3.22625  2.66633  3.77575  2.83006  2.82275  2.33953  3.73926  3.18354  3.03052  3.22984  2.91696  2.68331  2.91750  2.69798  4.47296  3.49288
          0.01733  5.27554  4.87976  1.46601  0.45540  2.05726  0.13586
     54   2.69421  4.21082  5.71148  5.07795  4.18587  4.97328  5.71010  1.39526  5.12647  2.06137  3.55302  5.43353  4.88872  5.42313  5.17845  4.61492  3.10733  0.94887  6.05667  4.94278      - - -
          2.54091  4.18910  2.92766  2.70561  3.22625  2.66633  3.77575  2.83006  2.82275  2.33953  3.73926  3.18354  3.03052  3.22984  2.91696  2.68331  2.91750  2.69798  4.47296  3.49288
          0.01733  5.27554  4.87976  1.46601  0.45540  2.05726  0.13586
     55   2.49112  5.13894  2.98464  2.35318  4.07566  3.52668  4.00703  3.66739  1.95670  3.15238  4.33836  3.00682  3.75542  2.14316  2.61797  2.93543  3.09347  2.45161  4.31063  4.03684      - - -
          2.54091  4.18910  2.92766  2.70561  3.22625  2.66633  3.77575  2.83006  2.82275  2.33953  3.73926  3.18354  3.03052  3.22984  2.91696  2.68331  2.91750  2.69798  4.47296  3.49288
          0.01733  5.27554  4.87976  1.46601  0.45540  2.05726  0.13586
     56   1.62885  5.31292  2.75036  2.59717  4.46451  2.49875  3.81087  3.84206  2.13692  3.68819  4.80623  2.76283  3.59253  3.08168  2.57153  2.77462  2.85710  3.90583  5.29282  4.24686      - - -
          2.54091  4.18910  2.92766  2.70561  3.22625  2.66633  3.77575  2.83006  2.82275  2.33953  3.73926  3.18354  3.03052  3.22984  2.91696  2.68331  2.91750  2.69798  4.47296  3.49288
          0.01733  5.27554  4.87976  1.46601  0.45540  2.05726  0.13586
     57   2.56182  4.31202  4.65166  3.94673  2.91602  4.28221  4.54284  1.67737  4.09506  2.20693  3.45390  4.44164  4.27112  4.29954  4.02575  3.84761  2.66579  1.26425  4.93169  3.94950      - - -
          2.54091  4.18910  2.92766  2.70561  3.22625  2.66633  3.77575  2.83006  2.82275  2.33953  3.73926  3.18354  3.03052  3.22984  2.91696  2.68331  2.91750  2.69798  4.47296  3.49288
          0.01733  5.27554  4.87976  1.46601  0.45540  2.05726  0.13586
     58   2.67550  0.63903  3.73809  4.19557  3.83791  3.42826  3.67363  3.95713  3.95089  3.59600  4.80970  3.87326  3.55094  4.52967  4.00080  3.25844  3.52876  3.46984  5.06408  3.59115      - - -
          2.54091  4.18910  2.92766  2.70561  3.22625  2.66633  3.77575  2.83006  2.82275  2.33953  3.73926  3.18354  3.03052  3.22984  2.91696  2.68331  2.91750  2.69798  4.47296  3.49288
          0.01733  5.27554  4.87976  1.46601  0.45540  1.89784  0.16150
     59   3.00128  4.83604  2.84671  2.91394  3.34369  2.35665  3.38251  3.27160  2.32477  2.75244  4.19349  2.70461  3.62164  3.09901  2.85086  2.34071  2.84047  3.33745  4.72305  2.88275      - - -
          2.54091  4.18910  2.92766  2.70561  3.22625  2.66633  3.77575  2.83006  2.82275  2.33953  3.73926  3.18354  3.03052  3.22984  2.91696  2.68331  2.91750  2.69798  4.47296  3.49288
          0.01733  5.27832  4.88253  1.46601  0.45540  2.03439  0.13932
     60   2.78155  5.26440  2.58885  2.72610  4.53937  2.13762  3.71314  4.73207  2.98464  3.68819  4.70989  1.86174  3.47192  2.47518  2.91186  2.31922  2.67688  4.29677  5.27480  3.34646      - - -
          2.54091  4.18910  2.92766  2.70561  3.22625  2.66633  3.77575  2.83006  2.82275  2.33953  3.73926  3.18354  3.03052  3.22984  2.91696  2.68331  2.91750  2.69798  4.47296  3.49288
          0.01733  5.27832  4.88253  1.46601  0.45540  2.03439  0.13932
     61   2.98949  4.96358  3.16694  2.50776  3.88227  3.05534  3.87672  2.86819  2.48904  3.02970  4.21914  2.92226  1.95809  2.99573  2.68312  2.57361  2.85641  2.95206  4.84851  3.86078      - - -
          2.54091  4.18910  2.92766  2.70561  3.22625  2.66633  3.77575  2.83006  2.82275  2.33953  3.73926  3.18354  3.03052  3.22984  2.91696  2.68331  2.91750  2.69798  4.47296  3.49288
          0.01733  5.27832  4.88253  1.46601  0.45540  2.03439  0.13932
     62   2.70808  4.62532  3.27368  2.91741  2.84463  3.00544  3.83444  2.90978  2.78086  2.63391  3.86078  2.08979  3.38805  3.52114  2.80789  2.58192  2.96523  2.70877  3.80394  3.51074      - - -
          2.54091  4.18910  2.92766  2.70561  3.22625  2.66633  3.77575  2.83006  2.82275  2.33953  3.73926  3.18354  3.03052  3.22984  2.91696  2.68331  2.91750  2.69798  4.47296  3.49288
          0.18715  3.58149  1.97894  1.17558  0.54412  2.03439  0.13932
     63   2.92572  3.52460  4.00149  3.50935  3.23625  3.09416  3.87326  2.13138  3.27854  2.45300  3.18565  3.81018  3.76928  3.63620  2.99227  2.85017  2.85572  1.64687  4.26904  3.31943      - - -
          2.54091  4.18910  2.92766  2.70561  3.22625  2.66633  3.77575  2.83006  2.82275  2.33953  3.73926  3.18354  3.03052  3.22984  2.91696  2.68331  2.91750  2.69798  4.47296  3.49288
          0.10120  3.64665  2.72823  1.23034  0.52402  2.30887  0.10397
     64   2.30397  4.49293  3.48717  3.29864  2.69837  3.57382  3.77552  2.81759  2.93474  2.44607  3.69165  3.38805  2.88552  2.94028  3.18704  2.97979  2.00453  2.77600  4.33004  3.37488      - - -
          2.54091  4.18910  2.92766  2.70561  3.22625  2.66633  3.77575  2.83006  2.82275  2.33953  3.73926  3.18354  3.03052  3.22984  2.91696  2.68331  2.91750  2.69798  4.47296  3.49288
          0.02010  5.09047  4.69469  1.46601  0.45540  2.90567  0.05545
     65   3.51629  0.24047  5.47928  5.22767  4.92753  4.55115  5.74614  4.26281  5.12231  4.06734  5.34619  5.30391  5.15697  5.28104  4.12903  4.21914  4.26073  3.15100  6.24243  5.04052      - - -
          2.54091  4.18910  2.92766  2.70561  3.22625  2.66633  3.77575  2.83006  2.82275  2.33953  3.73926  3.18354  3.03052  3.22984  2.91696  2.68331  2.91750  2.69798  4.47296  3.49288
          0.02010  5.09047  4.69469  1.46601  0.45540  1.09517  0.40618
     66   3.08376  5.51602  2.39477  2.19584  4.91020  2.62698  3.89752  4.90397  1.61984  4.13111  5.21519  2.80928  2.94236  2.59787  2.71223  2.57291  2.78016  4.29261  5.58394  4.47976      - - -
          2.54091  4.18910  2.92766  2.70561  3.22625  2.66633  3.77575  2.83006  2.82275  2.33953  3.73926  3.18354  3.03052  3.22984  2.91696  2.68331  2.91750  2.69798  4.47296  3.49288
          0.01871  5.18543  4.78965  1.46601  0.45540  2.57781  0.07833
     67   3.10317  5.24915  2.40794  2.65817  4.51996  2.86334  3.48579  4.64542  2.73580  3.01722  5.01210  1.47427  2.61519  3.10733  2.93196  2.57638  2.99296  4.20319  5.26163  4.20250      - - -
          2.54091  4.18910  2.92766  2.70561  3.22625  2.66633  3.77575  2.83006  2.82275  2.33953  3.73926  3.18354  3.03052  3.22984  2.91696  2.68331  2.91750  2.69798  4.47296  3.49288
          0.09843  2.51612  4.78965  0.94753  0.62522  2.21599  0.11437
     68   3.04703  5.21866  2.67619  2.53687  4.49640  1.65865  3.43242  4.69949  2.46132  3.94049  5.03636  2.67481  3.03386  3.34854  3.03386  2.32269  3.05465  4.26211  5.23044  2.52439      - - -
          2.54091  4.18910  2.92766  2.70561  3.22625  2.66633  3.77575  2.83006  2.82275  2.33953  3.73926  3.18354  3.03052  3.22984  2.91696  2.68331  2.91750  2.69798  4.47296  3.49288
          0.01871  5.19306  4.79727  1.46601  0.45540  0.88376  0.53164
     69   2.73927  4.03545  3.41301  3.30141  3.23972  2.41072  3.59738  2.63599  3.13575  2.50013  3.74988  2.81551  3.62026  2.79957  2.46132  3.05465  3.01306  2.37814  4.38203  3.29933      - - -
          2.54091  4.18910  2.92766  2.70561  3.22625  2.66633  3.77575  2.83006  2.82275  2.33953  3.73926  3.18354  3.03052  3.22984  2.91696  2.68331  2.91750  2.69798  4.47296  3.49288
          0.02773  5.26515  4.07640  1.46601  0.45540  1.53393  0.24191
     70   3.01375  4.97189  2.82799  2.53132  3.97515  2.49736  3.74017  3.10525  2.45993  3.25636  3.96683  2.40309  3.32983  3.36033  2.56806  2.28803  2.44953  3.44974  4.88525  3.56758      - - -
          2.54091  4.18910  2.92766  2.70561  3.22625  2.66633  3.77575  2.83006  2.82275  2.33953  3.73926  3.18354  3.03052  3.22984  2.91696  2.68331  2.91750  2.69798  4.47296  3.49288
          0.08595  2.66169  4.87352  0.96902  0.61413  2.10647  0.12893
     71   2.89869  4.82911  2.95761  3.14892  3.21546  3.05326  3.85593  3.43449  2.34348  2.96177  4.18171  1.63578  3.61956  3.51351  3.13020  2.50360  2.78155  3.05396  4.71474  3.12882      - - -
          2.54091  4.18910  2.92766  2.70561  3.22625  2.66633  3.77575  2.83006  2.82275  2.33953  3.73926  3.18354  3.03052  3.22984  2.91696  2.68331  2.91750  2.69798  4.47296  3.49288
          0.01802  5.26930  4.87421  1.46601  0.45540  2.10647  0.12893
     72   3.02415  1.35159  3.36033  3.49965  2.91048  3.69581  3.90722  3.02692  3.23556  2.28040  3.75196  3.29587  3.80602  3.57520  3.40469  3.24596  3.18358  2.87720  4.36193  3.09485      - - -
          2.54091  4.18910  2.92766  2.70561  3.22625  2.66633  3.77575  2.83006  2.82275  2.33953  3.73926  3.18354  3.03052  3.22984  2.91696  2.68331  2.91750  2.69798  4.47296  3.49288
          0.01802  5.26930  4.87421  1.46601  0.45540  2.10647  0.12893
     73   2.99850  3.90376  4.02991  3.43034  2.96108  3.78661  1.87630  2.76006  3.49965  2.52162  3.67848  3.42756  3.81919  3.68611  2.52162  3.14961  2.79195  2.35526  4.32380  2.50984      - - -
          2.54091  4.18910  2.92766  2.70561  3.22625  2.66633  3.77575  2.83006  2.82275  2.33953  3.73926  3.18354  3.03052  3.22984  2.91696  2.68331  2.91750  2.69798  4.47296  3.49288
          0.01802  5.26930  4.87421  1.46601  0.45540  2.10647  0.12893
     74   2.96315  4.54284  3.25636  2.86819  3.34924  3.75611  3.54055  2.58262  2.64223  1.96710  3.36518  3.08238  3.81087  2.56529  2.49459  3.07822  3.07336  2.84393  3.75611  3.42202      - - -
          2.54091  4.18910  2.92766  2.70561  3.22625  2.66633  3.77575  2.83006  2.82275  2.33953  3.73926  3.18354  3.03052  3.22984  2.91696  2.68331  2.91750  2.69798  4.47296  3.49288
          0.04090  5.26930  3.51980  1.46601  0.45540  2.10647  0.12893
     75   2.68659  4.46728  4.26350  4.40213  5.42799  3.84761  5.29975  4.74246  4.38203  4.58373  5.32263  3.80048  4.48669  4.70781  4.60522  0.57457  1.68360  3.92178  6.53910  5.37461      - - -
          2.54091  4.18910  2.92766  2.70561  3.22625  2.66633  3.77575  2.83006  2.82275  2.33953  3.73926  3.18354  3.03052  3.22984  2.91696  2.68331  2.91750  2.69798  4.47296  3.49288
          0.01871  5.24712  4.85134  1.46601  0.45540  2.25897  0.10952
     76   2.90770  5.03774  2.85918  2.82591  4.11309  2.81205  3.31042  3.90930  2.42042  3.44212  3.61541  2.40933  2.56945  2.80650  2.60896  2.08147  2.80581  3.73809  4.50263  3.85731      - - -
          2.54091  4.18910  2.92766  2.70561  3.22625  2.66633  3.77575  2.83006  2.82275  2.33953  3.73926  3.18354  3.03052  3.22984  2.91696  2.68331  2.91750  2.69798  4.47296  3.49288
          0.05199  5.24712  3.20996  1.46601  0.45540  1.47294  0.25924
     77   2.87928  4.88525  2.50013  2.87027  3.67502  2.69213  3.62719  3.31389  2.73303  3.14892  4.28845  2.64223  3.57104  3.17179  2.78016  1.91720  2.60757  3.07475  4.78752  3.18288      - - -
          2.54091  4.18910  2.92766  2.70561  3.22625  2.66633  3.77575  2.83006  2.82275  2.33953  3.73926  3.18354  3.03052  3.22984  2.91696  2.68331  2.91750  2.69798  4.47296  3.49288
          0.01871  5.23465  4.83886  1.46601  0.45540  1.24974  0.33687
     78   2.75452  5.11607  3.25774  2.23951  3.98693  3.82890  4.17755  3.15030  2.44329  2.52301  4.20735  3.29309  2.23327  2.56667  2.64431  2.45785  2.92919  3.01722  4.99269  4.00080      - - -
          2.54091  4.18910  2.92766  2.70561  3.22625  2.66633  3.77575  2.83006  2.82275  2.33953  3.73926  3.18354  3.03052  3.22984  2.91696  2.68331  2.91750  2.69798  4.47296  3.49288
          0.01802  5.26723  4.87144  1.46601  0.45540  2.12588  0.12615
     79   3.42340  4.78752  4.97328  4.46174  1.56161  4.61284  4.79999  2.11682  4.37163  1.63855  2.49805  4.73137  4.58789  4.54769  4.29954  4.18656  3.40538  1.67459  5.00170  4.04238      - - -
          2.54091  4.18910  2.92766  2.70561  3.22625  2.66633  3.77575  2.83006  2.82275  2.33953  3.73926  3.18354  3.03052  3.22984  2.91696  2.68331  2.91750  2.69798  4.47296  3.49288
          0.02634  5.26723  4.18176  1.46601  0.45540  2.12588  0.12615
     80   3.08168  5.29975  2.27763  2.43914  4.41668  2.86334  2.95830  4.84020  2.36358  3.79978  5.13964  2.66579  2.45716  2.51192  2.75868  2.16881  3.13090  4.35846  5.32263  3.41647      - - -
          2.54091  4.18910  2.92766  2.70561  3.22625  2.66633  3.77575  2.83006  2.82275  2.33953  3.73926  3.18354  3.03052  3.22984  2.91696  2.68331  2.91750  2.69798  4.47296  3.49288
          0.01871  5.25960  4.86381  1.46601  0.45540  2.03161  0.14002
     81   2.87166  4.46936  4.11586  3.61956  3.32498  2.90424  3.98277  1.91997  3.56342  1.62261  3.14892  3.53361  3.87048  3.74710  3.46915  3.39291  2.77185  2.14247  4.37648  3.39221      - - -
          2.54091  4.18910  2.92766  2.70561  3.22625  2.66633  3.77575  2.83006  2.82275  2.33953  3.73926  3.18354  3.03052  3.22984  2.91696  2.68331  2.91750  2.69798  4.47296  3.49288
          0.01871  5.26237  4.86659  1.46601  0.45540  2.16193  0.12130
     82   2.93959  4.58789  3.63897  3.43657  3.46915  3.86840  4.05140  2.91117  3.43380  2.44260  3.67502  3.53292  3.49757  3.67363  3.44004  3.00058  1.18177  2.33170  4.50194  3.54540      - - -
          2.54091  4.18910  2.92766  2.70561  3.22625  2.66633  3.77575  2.83006  2.82275  2.33953  3.73926  3.18354  3.03052  3.22984  2.91696  2.68331  2.91750  2.69798  4.47296  3.49288
          0.01871  5.26237  4.86659  1.46601  0.45540  2.16193  0.12130
     83   2.92226  4.49085  2.40933  3.11703  2.87097  3.79216  3.23002  2.52162  3.19189  2.40517  3.25150  3.79008  3.81711  3.21477  3.02277  3.33260  2.42181  2.32130  4.31756  2.77046      - - -
          2.54091  4.18910  2.92766  2.70561  3.22625  2.66633  3.77575  2.83006  2.82275  2.33953  3.73926  3.18354  3.03052  3.22984  2.91696  2.68331  2.91750  2.69798  4.47296  3.49288
          0.01871  5.26237  4.86659  1.46601  0.45540  2.16193  0.12130
     84   4.63988  0.06372  6.34294  6.90508  6.55920  4.01397  7.84846  6.37205  6.79557  6.14054  6.96469  6.24867  6.17589  6.87528  6.70823  5.20271  5.50285  5.13340  7.83598  6.75606      - - -
          2.54091  4.18910  2.92766  2.70561  3.22625  2.66633  3.77575  2.83006  2.82275  2.33953  3.73926  3.18354  3.03052  3.22984  2.91696  2.68331  2.91750  2.69798  4.47296  3.49288
          0.01871  5.26237  4.86659  1.46601  0.45540  2.16193  0.12130
     85   3.01653  4.29330  3.39429  3.15377  3.31389  3.51906  3.74364  2.74135  2.50221  2.57707  3.82890  2.23812  3.75958  2.94375  2.26723  2.85017  2.78016  2.52716  4.46035  3.50104      - - -
          2.54091  4.18910  2.92766  2.70561  3.22625  2.66633  3.77575  2.83006  2.82275  2.33953  3.73926  3.18354  3.03052  3.22984  2.91696  2.68331  2.91750  2.69798  4.47296  3.49288
          0.01871  5.26237  4.86659  1.46601  0.45540  2.16193  0.12130
     86   2.90770  4.49778  4.02644  3.22447  2.85433  3.79077  3.10248  2.91325  3.39152  1.26356  3.67710  3.68611  3.81850  3.49826  2.55420  3.33191  3.07406  2.63876  4.32519  3.37558      - - -
          2.54091  4.18910  2.92766  2.70561  3.22625  2.66633  3.77575  2.83006  2.82275  2.33953  3.73926  3.18354  3.03052  3.22984  2.91696  2.68331  2.91750  2.69798  4.47296  3.49288
          0.01871  5.26237  4.86659  1.46601  0.45540  2.16193  0.12130
     87   2.86265  4.61215  3.44420  2.79611  3.42410  3.76859  3.88157  2.48696  2.60896  2.59717  3.56342  3.76859  3.81573  3.44905  3.00752  2.68659  1.64132  2.79056  4.44718  3.13921      - - -
          2.54091  4.18910  2.92766  2.70561  3.22625  2.66633  3.77575  2.83006  2.82275  2.33953  3.73926  3.18354  3.03052  3.22984  2.91696  2.68331  2.91750  2.69798  4.47296  3.49288
          0.17259  1.93041  4.86659  0.65988  0.84079  2.16193  0.12130
     88   2.91741  5.22004  2.79541  2.67342  4.14636  1.88323  3.27646  4.59552  2.66371  3.88227  4.98506  2.57915  2.46825  3.27715  2.80997  2.00107  2.87720  3.77968  4.65166  4.16992      - - -
          2.54091  4.18910  2.92766  2.70561  3.22625  2.66633  3.77575  2.83006  2.82275  2.33953  3.73926  3.18354  3.03052  3.22984  2.91696  2.68331  2.91750  2.69798  4.47296  3.49288
          0.01871  5.26237  4.86659  1.46601  0.45540  2.16193  0.12130
     89   2.52578  5.04537  2.88899  2.84809  4.10338  1.56092  3.84345  3.48925  2.89245  3.07267  4.53798  2.95137  3.28339  3.22170  2.85433  2.12098  2.96593  3.69165  4.98091  3.96891      - - -
          2.54091  4.18910  2.92766  2.70561  3.22625  2.66633  3.77575  2.83006  2.82275  2.33953  3.73926  3.18354  3.03052  3.22984  2.91696  2.68331  2.91750  2.69798  4.47296  3.49288
          0.10051  5.26237  2.47107  1.46601  0.45540  2.16193  0.12130
     90   2.64223  5.00863  3.15030  2.52855  3.65284  3.52460  4.02506  3.15030  2.37121  3.05118  4.03129  3.42340  3.72146  2.26377  2.71778  1.90818  2.47379  3.26259  4.89565  3.90237      - - -
          2.54091  4.18910  2.92766  2.70561  3.22625  2.66633  3.77575  2.83006  2.82275  2.33953  3.73926  3.18354  3.03052  3.22984  2.91696  2.68331  2.91750  2.69798  4.47296  3.49288
          0.02010  5.18197  4.78618  1.46601  0.45540  1.50552  0.25023
     91   2.77046  4.80623  3.51767  2.91949  3.64868  3.70482  3.61818  3.07614  2.16118  2.69560  3.67779  2.71639  2.50013  2.76006  2.43844  2.90354  2.99088  2.57776  4.65998  3.68957      - - -
          2.54091  4.18910  2.92766  2.70561  3.22625  2.66633  3.77575  2.83006  2.82275  2.33953  3.73926  3.18354  3.03052  3.22984  2.91696  2.68331  2.91750  2.69798  4.47296  3.49288
          0.06724  5.21663  2.91676  1.46601  0.45540  1.92626  0.15665
     92   2.91255  4.28914  4.00981  3.52044  2.95692  3.75681  3.51282  2.46132  3.34716  2.46894  2.90424  3.81780  2.78779  3.64452  2.60202  3.11149  2.73857  2.68035  4.01535  1.96779      - - -
          2.54091  4.18910  2.92766  2.70561  3.22625  2.66633  3.77575  2.83006  2.82275  2.33953  3.73926  3.18354  3.03052  3.22984  2.91696  2.68331  2.91750  2.69798  4.47296  3.49288
          0.02010  5.18128  4.78549  1.46601  0.45540  2.59930  0.07625
     93   3.44073  5.72396  4.08744  3.81018  4.92476  4.03823  4.97120  4.11101  3.68541  3.72562  5.32540  4.40421  0.54823  4.36539  4.01466  2.71570  2.34487  3.46707  6.04281  4.96774      - - -
          2.54091  4.18910  2.92766  2.70561  3.22625  2.66633  3.77575  2.83006  2.82275  2.33953  3.73926  3.18354  3.03052  3.22984  2.91696  2.68331  2.91750  2.69798  4.47296  3.49288
          0.05060  5.18128  3.27096  1.46601  0.45540  1.53047  0.24329
     94   2.84671  5.19509  2.34625  2.85572  3.99525  2.83146  3.09139  4.60245  2.79264  3.53985  4.97467  1.85343  2.46755  2.73857  2.86057  2.31783  2.99712  4.19002  5.19855  3.86494      - - -
          2.54091  4.18910  2.92766  2.70561  3.22625  2.66633  3.77575  2.83006  2.82275  2.33953  3.73926  3.18354  3.03052  3.22984  2.91696  2.68331  2.91750  2.69798  4.47296  3.49288
          0.02010  5.18543  4.78965  1.46601  0.45540  1.17627  0.36737
     95   4.92407  0.05679  6.49058  7.06589  6.62436  5.70802  8.16245  6.46355  6.91409  6.27640  7.06728  6.33670  6.23481  7.00143  6.79626  3.98693  5.50839  5.19162  7.93441  6.88359      - - -
          2.54091  4.18910  2.92766  2.70561  3.22625  2.66633  3.77575  2.83006  2.82275  2.33953  3.73926  3.18354  3.03052  3.22984  2.91696  2.68331  2.91750  2.69798  4.47296  3.49288
          0.01941  5.23811  4.84302  1.46601  0.45540  1.48541  0.25577
     96   2.65470  4.94001  2.99781  2.75660  3.90999  3.13644  3.04564  3.66185  2.55212  3.08238  3.80810  2.57430  3.07198  2.68867  1.97057  2.73303  3.01167  3.22170  4.84158  3.35756      - - -
          2.54091  4.18910  2.92766  2.70561  3.22625  2.66633  3.77575  2.83006  2.82275  2.33953  3.73926  3.18354  3.03052  3.22984  2.91696  2.68331  2.91750  2.69798  4.47296  3.49288
          0.01871  5.26029  4.86451  1.46601  0.45540  2.18064  0.11922
     97   4.70434  5.14449  5.33857  5.23044  2.49805  5.06131  2.83076  4.93100  5.06131  4.04654  5.36768  4.71404  5.73228  5.43908  4.96635  4.75702  5.04675  4.69949  3.79354  0.32642      - - -
          2.54091  4.18910  2.92766  2.70561  3.22625  2.66633  3.77575  2.83006  2.82275  2.33953  3.73926  3.18354  3.03052  3.22984  2.91696  2.68331  2.91750  2.69798  4.47296  3.49288
          0.01941  5.26029  4.86451  1.46601  0.45540  2.18064  0.11922
     98   2.90701  5.28381  2.96177  2.61866  4.39866  3.00821  2.94721  4.16161  1.97126  3.28755  4.72028  2.39477  3.60917  2.49181  2.39131  2.47518  2.67411  3.35894  5.25193  4.21221      - - -
          2.54091  4.18910  2.92766  2.70561  3.22625  2.66633  3.77575  2.83006  2.82275  2.33953  3.73926  3.18354  3.03052  3.22984  2.91696  2.68331  2.91750  2.69798  4.47296  3.49288
          0.01941  5.26029  4.86451  1.46601  0.45540  2.18064  0.11922
     99   2.45438  4.68840  2.80512  3.04910  3.54956  2.84255  3.90168  3.13921  3.14545  2.40725  3.70829  3.46915  3.56203  3.25220  3.21754  2.20277  1.91858  2.98326  4.54353  3.42895      - - -
          2.54091  4.18910  2.92766  2.70561  3.22625  2.66633  3.77575  2.83006  2.82275  2.33953  3.73926  3.18354  3.03052  3.22984  2.91696  2.68331  2.91750  2.69798  4.47296  3.49288
          0.01941  5.26029  4.86451  1.46601  0.45540  2.18064  0.11922
    100   2.92365  4.51026  3.62303  3.44628  2.63391  3.48094  3.91485  2.64639  2.60965  2.53964  3.69650  3.58560  3.80256  3.66531  2.92988  2.37952  1.97473  2.48627  4.33974  3.00336      - - -
          2.54091  4.18910  2.92766  2.70561  3.22625  2.66633  3.77575  2.83006  2.82275  2.33953  3.73926  3.18354  3.03052  3.22984  2.91696  2.68331  2.91750  2.69798  4.47296  3.49288
          0.01941  5.26029  4.86451  1.46601  0.45540  2.18064  0.11922
    101   2.56529  4.54076  3.64382  3.16694  3.19744  3.26537  3.60847  2.78086  2.61034  2.22980  3.73879  3.34577  2.89453  2.78571  2.93404  2.92295  2.53964  2.79264  4.37510  2.82245      - - -
          2.54091  4.18910  2.92766  2.70561  3.22625  2.66633  3.77575  2.83006  2.82275  2.33953  3.73926  3.18354  3.03052  3.22984  2.91696  2.68331  2.91750  2.69798  4.47296  3.49288
          0.01941  5.26029  4.86451  1.46601  0.45540  2.18064  0.11922
    102   2.57153  4.54145  3.23833  2.83769  3.02138  2.99850  3.90376  2.93612  2.98672  2.33100  3.16971  3.69997  3.59669  3.14961  3.03663  2.14455  2.49667  2.84671  3.92802  3.38805      - - -
          2.54091  4.18910  2.92766  2.70561  3.22625  2.66633  3.77575  2.83006  2.82275  2.33953  3.73926  3.18354  3.03052  3.22984  2.91696  2.68331  2.91750  2.69798  4.47296  3.49288
          0.01941  5.26029  4.86451  1.46601  0.45540  2.18064  0.11922
    103   2.99435  4.50610  3.98139  2.42804  2.89107  3.76513  3.75196  2.72540  3.10872  2.23188  3.57798  2.65817  3.80949  3.02554  2.87651  2.88691  2.39893  2.59371  4.33489  2.93612      - - -
          2.54091  4.18910  2.92766  2.70561  3.22625  2.66633  3.77575  2.83006  2.82275  2.33953  3.73926  3.18354  3.03052  3.22984  2.91696  2.68331  2.91750  2.69798  4.47296  3.49288
          0.01941  5.26029  4.86451  1.46601  0.45540  2.18064  0.11922
    104   3.08584  5.37184  2.67688  2.60896  4.68840  2.18752  3.51698  4.81039  1.75500  4.04793  3.85108  2.36220  3.50242  2.75798  2.25129  2.62906  3.21199  4.30925  5.40373  4.33073      - - -
          2.54091  4.18910  2.92766  2.70561  3.22625  2.66633  3.77575  2.83006  2.82275  2.33953  3.73926  3.18354  3.03052  3.22984  2.91696  2.68331  2.91750  2.69798  4.47296  3.49288
          0.01941  5.26029  4.86451  1.46601  0.45540  2.18064  0.11922
    105   2.99573  4.50333  3.68957  3.53015  2.36982  3.74918  2.83007  2.91117  2.72887  2.53202  3.68888  3.47886  3.53361  3.53500  2.66926  2.74828  2.80026  2.55350  3.69235  2.31714      - - -
          2.54091  4.18910  2.92766  2.70561  3.22625  2.66633  3.77575  2.83006  2.82275  2.33953  3.73926  3.18354  3.03052  3.22984  2.91696  2.68331  2.91750  2.69798  4.47296  3.49288
          0.01941  5.26029  4.86520  1.46601  0.45540  2.18064  0.11922
    106   3.03732  4.50749  4.21775  3.72146  2.93404  3.94604  4.07912  1.41952  3.66393  2.22079  3.71245  4.02020  3.32220  3.84692  3.56896  3.42618  3.25428  2.01770  4.42223  2.37606      - - -
          2.54091  4.18910  2.92766  2.70561  3.22625  2.66633  3.77575  2.83006  2.82275  2.33953  3.73926  3.18354  3.03052  3.22984  2.91696  2.68331  2.91750  2.69798  4.47296  3.49288
          0.01941  5.26029  4.86520  1.46601  0.45540  2.18064  0.11922
    107   2.94305  2.99227  4.05555  3.24111  2.91325  3.80048  3.91970  2.08563  3.50450  2.02394  3.66462  3.69512  3.81988  3.68611  2.73927  3.33815  2.76769  2.03572  4.31410  2.92572      - - -
          2.54091  4.18910  2.92766  2.70561  3.22625  2.66633  3.77575  2.83006  2.82275  2.33953  3.73926  3.18354  3.03052  3.22984  2.91696  2.68331  2.91750  2.69798  4.47296  3.49288
          0.01941  5.26029  4.86520  1.46601  0.45540  2.18064  0.11922
    108   2.96246  4.40629  4.42500  3.91692  3.16070  4.11309  4.30093  1.69885  3.86771  2.17574  3.41093  4.22260  3.82890  3.66462  3.78523  3.66531  3.03593  1.23791  4.68493  3.72007      - - -
          2.54091  4.18910  2.92766  2.70561  3.22625  2.66633  3.77575  2.83006  2.82275  2.33953  3.73926  3.18354  3.03052  3.22984  2.91696  2.68331  2.91750  2.69798  4.47296  3.49288
          0.01941  5.26029  4.86520  1.46601  0.45540  2.18064  0.11922
    109   1.62191  4.19280  3.79216  3.42826  3.38459  3.34231  3.47955  3.04287  3.05118  2.37814  3.76651  3.69165  3.50520  3.63343  3.18219  2.78848  2.16326  2.54588  4.40213  3.44697      - - -
          2.54091  4.18910  2.92766  2.70561  3.22625  2.66633  3.77575  2.83006  2.82275  2.33953  3.73926  3.18354  3.03052  3.22984  2.91696  2.68331  2.91750  2.69798  4.47296  3.49288
          0.02911  5.26099  4.07501  1.46601  0.45540  2.18064  0.11922
    110   4.10546  0.18363  6.24313  6.03172  4.82772  5.26787  6.46701  4.34876  6.01439  2.78294  5.49453  6.00746  5.79882  5.94577  5.92428  4.97051  4.92130  3.94326  6.43305  5.27064      - - -
          2.54091  4.18910  2.92766  2.70561  3.22625  2.66633  3.77575  2.83006  2.82275  2.33953  3.73926  3.18354  3.03052  3.22984  2.91696  2.68331  2.91750  2.69798  4.47296  3.49288
          0.02010  5.25128  4.85550  1.46601  0.45540  2.24233  0.11160
    111   2.99920  5.31916  2.18960  1.65727  4.57334  2.93127  3.64382  4.60175  2.79957  3.72700  5.00933  2.40240  3.50797  2.81343  2.89107  2.31437  2.76630  3.49411  4.67523  4.26904      - - -
          2.54091  4.18910  2.92766  2.70561  3.22625  2.66633  3.77575  2.83006  2.82275  2.33953  3.73926  3.18354  3.03052  3.22984  2.91696  2.68331  2.91750  2.69798  4.47296  3.49288
          0.02010  5.25128  4.85550  1.46601  0.45540  2.24233  0.11160
    112   3.16139  5.34273  2.15356  2.73442  4.74385  1.89294  3.49757  5.24707  2.74135  4.27875  5.34758  1.97195  2.74135  3.36102  2.69144  2.53202  3.25705  4.62324  3.06643  4.31341      - - -
          2.54091  4.18910  2.92766  2.70561  3.22625  2.66633  3.77575  2.83006  2.82275  2.33953  3.73926  3.18354  3.03052  3.22984  2.91696  2.68331  2.91750  2.69798  4.47296  3.49288
          0.32578  1.36897  4.08472  1.68019  0.23290  2.24233  0.11160
    113   2.97494  4.77227  3.08307  2.96939  3.55094  2.54380  2.98741  3.42964  2.67065  2.80442  3.29933  2.36220  3.62026  2.74897  3.07891  2.79264  3.15724  3.24249  4.64958  2.26793      - - -
          2.54091  4.18910  2.92766  2.70561  3.22625  2.66633  3.77575  2.83006  2.82275  2.33953  3.73926  3.18354  3.03052  3.22984  2.91696  2.68331  2.91750  2.69798  4.47296  3.49288
          0.24745  5.24227  1.57344  1.46601  0.45540  2.29917  0.10467
    114   2.91602  5.00309  2.66510  2.32061  4.03476  2.82314  3.51490  3.45875  2.30189  3.02138  4.39797  3.04564  1.85689  3.16139  3.09139  2.55142  3.12119  3.45668  4.93585  3.92178      - - -
          2.54091  4.18910  2.92766  2.70561  3.22625  2.66633  3.77575  2.83006  2.82275  2.33953  3.73926  3.18354  3.03052  3.22984  2.91696  2.68331  2.91750  2.69798  4.47296  3.49288
          0.03743  5.01839  3.74854  1.46601  0.45540  3.08866  0.04575
    115   2.64708  4.36470  3.93148  3.37072  2.57291  3.41994  3.74017  2.60965  3.38182  1.93799  3.54401  3.73809  3.64868  3.32220  3.28408  3.00544  3.03386  1.92482  4.19210  2.69560      - - -
          2.54091  4.18910  2.92766  2.70561  3.22625  2.66633  3.77575  2.83006  2.82275  2.33953  3.73926  3.18354  3.03052  3.22984  2.91696  2.68331  2.91750  2.69798  4.47296  3.49288
          0.04505  5.00452  3.49208  1.46601  0.45540  0.55175  0.85673
    116   2.77739  4.46243  3.70621  3.17595  3.18981  3.49133  3.89544  2.36705  3.48024  1.92066  3.06990  3.83721  3.79562  3.40677  3.10733  3.31389  3.13159  1.68499  3.90930  3.13852      - - -
          2.54091  4.18910  2.92766  2.70561  3.22625  2.66633  3.77575  2.83006  2.82275  2.33953  3.73926  3.18354  3.03052  3.22984  2.91696  2.68331  2.91750  2.69798  4.47296  3.49288
          0.04505  5.21524  3.45880  1.46601  0.45540  2.44750  0.08942
    117   3.57312  6.20708  3.48856  4.07773  4.64196  4.19973  5.38778  4.84297  4.13735  4.23023  6.06360  4.87971  0.30008  4.75563  4.54214  3.01375  4.27182  4.05140  6.82814  5.61236      - - -
          2.54091  4.18910  2.92766  2.70561  3.22625  2.66633  3.77575  2.83006  2.82275  2.33953  3.73926  3.18354  3.03052  3.22984  2.91696  2.68331  2.91750  2.69798  4.47296  3.49288
          0.02911  5.19167  4.13601  1.46601  0.45540  2.55979  0.07971
    118   2.88414  4.45065  3.49688  3.33052  3.24873  3.75473  3.63828  2.40448  3.45945  2.47310  3.63066  3.48648  3.77899  3.64382  3.36587  3.11426  3.11703  1.30861  3.47955  3.17526      - - -
          2.54091  4.18910  2.92766  2.70561  3.22625  2.66633  3.77575  2.83006  2.82275  2.33953  3.73926  3.18354  3.03052  3.22984  2.91696  2.68331  2.91750  2.69798  4.47296  3.49288
          0.02149  5.18405  4.78826  1.46601  0.45540  2.59306  0.07694
    119   3.00960  4.67869  3.15100  3.20576  3.56134  2.99296  1.40635  3.27438  3.22378  2.55836  3.96545  3.22378  3.42063  3.51837  3.29517  2.67758  3.02346  2.87027  4.54284  3.29517      - - -
          2.54091  4.18910  2.92766  2.70561  3.22625  2.66633  3.77575  2.83006  2.82275  2.33953  3.73926  3.18354  3.03052  3.22984  2.91696  2.68331  2.91750  2.69798  4.47296  3.49288
          0.02149  5.18405  4.78826  1.46601  0.45540  2.59306  0.07694
    120   3.07614  4.53798  4.22260  3.30488  1.83748  3.95020  4.07496  2.23951  3.66254  1.53388  3.57243  4.01951  3.96198  3.84206  3.56896  3.49411  3.28755  2.19307  4.41668  3.15654      - - -
          2.54091  4.18910  2.92766  2.70561  3.22625  2.66633  3.77575  2.83006  2.82275  2.33953  3.73926  3.18354  3.03052  3.22984  2.91696  2.68331  2.91750  2.69798  4.47296  3.49288
          0.04921  5.18405  3.34236  1.46601  0.45540  2.59306  0.07694
    121   2.38507  3.87880  1.69123  3.29933  3.33122  3.55787  3.39568  2.66649  3.16278  2.50498  3.71868  3.24041  3.70967  3.44974  3.32706  3.18704  3.11495  2.58054  4.08744  3.18704      - - -
          2.54091  4.18910  2.92766  2.70561  3.22625  2.66633  3.77575  2.83006  2.82275  2.33953  3.73926  3.18354  3.03052  3.22984  2.91696  2.68331  2.91750  2.69798  4.47296  3.49288
          0.04644  5.15632  3.44009  1.46601  0.45540  2.70119  0.06862
    122   2.49667  5.30946  2.35249  2.32061  4.71127  1.56161  3.73324  5.14795  2.57915  4.20735  5.27757  2.41418  3.38251  3.16347  2.89107  2.64916  2.92087  4.52204  5.36214  4.27944      - - -
          2.54091  4.18910  2.92766  2.70561  3.22625  2.66633  3.77575  2.83006  2.82275  2.33953  3.73926  3.18354  3.03052  3.22984  2.91696  2.68331  2.91750  2.69798  4.47296  3.49288
          0.06169  5.13275  3.06579  1.46601  0.45540  2.78507  0.06308
    123   2.88552  4.40213  3.97792  3.48301  3.21269  3.72700  3.85038  2.29843  3.42756  2.03503  3.11495  3.66323  3.74641  3.61125  3.33399  2.23535  2.25476  2.30674  4.24617  2.96593      - - -
          2.54091  4.18910  2.92766  2.70561  3.22625  2.66633  3.77575  2.83006  2.82275  2.33953  3.73926  3.18354  3.03052  3.22984  2.91696  2.68331  2.91750  2.69798  4.47296  3.49288
          0.14625  5.09394  2.09746  1.46601  0.45540  2.90359  0.05545
    124   2.87720  4.36123  3.97862  3.48717  2.22980  2.78502  3.83860  2.33655  3.42895  2.20346  3.53847  3.78384  3.73740  3.61194  3.33329  3.25913  3.06227  1.88947  4.20735  2.77808      - - -
          2.54091  4.18910  2.92766  2.70561  3.22625  2.66633  3.77575  2.83006  2.82275  2.33953  3.73926  3.18354  3.03052  3.22984  2.91696  2.68331  2.91750  2.69798  4.47296  3.49288
          0.00000        *        *  0.00000        *  0.00000        *
//
